v  -0.5 0.238599777628792 -0.0935081439010823
v  -0.176917523481779 0.254021930643487 0.468878021905731
v  0.370595280898381 0.394571614934242 0.150485802847903
v  0.0475128692568107 0.379149461919547 -0.411900298082259
v  -0.5 0.238599777628792 -0.0935081439010823
v  0.370595280898381 0.394571614934242 0.150485802847903
v  -0.370595280898381 -0.394571614934242 -0.150485802847903
v  -0.0475128692568107 -0.379149461919547 0.411900298082259
v  -0.176917523481779 0.254021930643487 0.468878021905731
v  -0.5 0.238599777628792 -0.0935081439010823
v  -0.370595280898381 -0.394571614934242 -0.150485802847903
v  -0.176917523481779 0.254021930643487 0.468878021905731
v  0.176917523481779 -0.254021930643487 -0.468878021905731
v  0.5 -0.238599777628792 0.0935081439010823
v  -0.0475128692568107 -0.379149461919547 0.411900298082259
v  -0.370595280898381 -0.394571614934242 -0.150485802847903
v  0.176917523481779 -0.254021930643487 -0.468878021905731
v  -0.0475128692568107 -0.379149461919547 0.411900298082259
v  0.0475128692568107 0.379149461919547 -0.411900298082259
v  0.370595280898381 0.394571614934242 0.150485802847903
v  0.5 -0.238599777628792 0.0935081439010823
v  0.176917523481779 -0.254021930643487 -0.468878021905731
v  0.0475128692568107 0.379149461919547 -0.411900298082259
v  0.5 -0.238599777628792 0.0935081439010823
v  -0.370595280898381 -0.394571614934242 -0.150485802847903
v  -0.5 0.238599777628792 -0.0935081439010823
v  0.0475128692568107 0.379149461919547 -0.411900298082259
v  0.176917523481779 -0.254021930643487 -0.468878021905731
v  -0.370595280898381 -0.394571614934242 -0.150485802847903
v  0.0475128692568107 0.379149461919547 -0.411900298082259
v  -0.176917523481779 0.254021930643487 0.468878021905731
v  -0.0475128692568107 -0.379149461919547 0.411900298082259
v  0.5 -0.238599777628792 0.0935081439010823
v  0.370595280898381 0.394571614934242 0.150485802847903
v  -0.176917523481779 0.254021930643487 0.468878021905731
v  0.5 -0.238599777628792 0.0935081439010823


vn  -0.199462633437542 0.97596182952551 0.0878246273626006
vn  -0.199462633437542 0.97596182952551 0.0878246273626006
vn  -0.199462633437542 0.97596182952551 0.0878246273626006
vn  -0.199462633437542 0.97596182952551 0.0878246273626006
vn  -0.199462633437542 0.97596182952551 0.0878246273626006
vn  -0.199462633437542 0.97596182952551 0.0878246273626006
vn  -0.843928840885027 -0.216641297028345 0.490765381770487
vn  -0.843928840885027 -0.216641297028345 0.490765381770487
vn  -0.843928840885027 -0.216641297028345 0.490765381770487
vn  -0.843928840885027 -0.216641297028345 0.490765381770487
vn  -0.843928840885027 -0.216641297028345 0.490765381770487
vn  -0.843928840885027 -0.216641297028345 0.490765381770487
vn  0.199462633437542 -0.97596182952551 -0.0878246273626006
vn  0.199462633437542 -0.97596182952551 -0.0878246273626006
vn  0.199462633437542 -0.97596182952551 -0.0878246273626006
vn  0.199462633437542 -0.97596182952551 -0.0878246273626006
vn  0.199462633437542 -0.97596182952551 -0.0878246273626006
vn  0.199462633437542 -0.97596182952551 -0.0878246273626006
vn  0.843928840885027 0.216641297028345 -0.490765381770487
vn  0.843928840885027 0.216641297028345 -0.490765381770487
vn  0.843928840885027 0.216641297028345 -0.490765381770487
vn  0.843928840885027 0.216641297028345 -0.490765381770487
vn  0.843928840885027 0.216641297028345 -0.490765381770487
vn  0.843928840885027 0.216641297028345 -0.490765381770487
vn  -0.497994790754481 -0.0237715252313681 -0.866854141692577
vn  -0.497994790754481 -0.0237715252313681 -0.866854141692577
vn  -0.497994790754481 -0.0237715252313681 -0.866854141692577
vn  -0.497994790754481 -0.0237715252313681 -0.866854141692577
vn  -0.497994790754481 -0.0237715252313681 -0.866854141692577
vn  -0.497994790754481 -0.0237715252313681 -0.866854141692577
vn  0.497994790754481 0.0237715252313681 0.866854141692577
vn  0.497994790754481 0.0237715252313681 0.866854141692577
vn  0.497994790754481 0.0237715252313681 0.866854141692577
vn  0.497994790754481 0.0237715252313681 0.866854141692577
vn  0.497994790754481 0.0237715252313681 0.866854141692577
vn  0.497994790754481 0.0237715252313681 0.866854141692577


vt  1 0
vt  0 0
vt  0 1
vt  1 1
vt  1 0
vt  0 1
vt  1 0
vt  0 0
vt  0 1
vt  1 1
vt  1 0
vt  0 1
vt  1 0
vt  0 0
vt  0 1
vt  1 1
vt  1 0
vt  0 1
vt  1 0
vt  0 0
vt  0 1
vt  1 1
vt  1 0
vt  0 1
vt  1 0
vt  0 0
vt  0 1
vt  1 1
vt  1 0
vt  0 1
vt  1 0
vt  0 0
vt  0 1
vt  1 1
vt  1 0
vt  0 1
