v  -0.373610012806154 0.00449886466609694 -0.444649021429951
v  -0.373610012806154 0.00450157591266817 0.302571026545968
v  -0.41436333513073 0.185767634400172 0.343323691598649
v  -0.41436333513073 0.185764594517653 -0.485403001026423
v  -0.373610012806154 0.00449886466609694 -0.444649021429951
v  -0.41436333513073 0.185767634400172 0.343323691598649
v  0.373610035169765 0.00450157591266817 0.302571026545968
v  0.373610035169765 0.00449886466609694 -0.444649021429951
v  0.414363357494342 0.185764594517653 -0.485403001026423
v  0.414363357494342 0.185767634400172 0.343323691598649
v  0.373610035169765 0.00450157591266817 0.302571026545968
v  0.414363357494342 0.185764594517653 -0.485403001026423
v  0.367269004552644 0.00450157591266817 0.296230078087834
v  -0.367268982189032 0.00450157591266817 0.296230078087834
v  -0.362037755168387 -0.019168099607807 0.290998768908202
v  0.362037777531999 -0.019168099607807 0.290998768908202
v  0.367269004552644 0.00450157591266817 0.296230078087834
v  -0.362037755168387 -0.019168099607807 0.290998768908202
v  -0.330195889528401 -0.188601702945697 -0.401234240880302
v  -0.330195889528401 -0.188599238176086 0.259157642699099
v  -0.368288410899802 -0.019168099607807 0.297249506798604
v  -0.368288410899802 -0.0191707286953912 -0.439327337364612
v  -0.330195889528401 -0.188601702945697 -0.401234240880302
v  -0.368288410899802 -0.019168099607807 0.297249506798604
v  0.373610035169765 0.00449886466609694 -0.444649021429951
v  -0.373610012806154 0.00449886466609694 -0.444649021429951
v  -0.41436333513073 0.185764594517653 -0.485403001026423
v  0.414363357494342 0.185764594517653 -0.485403001026423
v  0.373610035169765 0.00449886466609694 -0.444649021429951
v  -0.41436333513073 0.185764594517653 -0.485403001026423
v  -0.28412104745646 -0.389937323804319 -0.355158659377478
v  -0.28412104745646 -0.389935267364874 0.213083457899054
v  -0.324874369781037 -0.212268995855549 0.253836122951735
v  -0.324874369781037 -0.212271378466172 -0.395912556814964
v  -0.28412104745646 -0.389937323804319 -0.355158659377478
v  -0.324874369781037 -0.212268995855549 0.253836122951735
v  0.330195911892013 -0.188599320335073 0.259157642699099
v  0.330195911892013 -0.188601702945697 -0.401234240880302
v  0.368288433263414 -0.0191707286953912 -0.439327337364612
v  0.368288433263414 -0.019168099607807 0.297249506798604
v  0.330195911892013 -0.188599320335073 0.259157642699099
v  0.368288433263414 -0.0191707286953912 -0.439327337364612
v  0.284121069820072 -0.389935267364874 0.213083457899054
v  0.284121069820072 -0.389937323804319 -0.355158659377478
v  0.324874392144648 -0.212271378466172 -0.395912556814964
v  0.324874392144648 -0.212268995855549 0.253836122951735
v  0.284121069820072 -0.389935267364874 0.213083457899054
v  0.324874392144648 -0.212271378466172 -0.395912556814964
v  0.330195911892013 -0.188601702945697 -0.401234240880302
v  -0.330195889528401 -0.188601702945697 -0.401234240880302
v  -0.368288410899802 -0.0191707286953912 -0.439327337364612
v  0.368288433263414 -0.0191707286953912 -0.439327337364612
v  0.330195911892013 -0.188601702945697 -0.401234240880302
v  -0.368288410899802 -0.0191707286953912 -0.439327337364612
v  0.284121069820072 -0.389937323804319 -0.355158659377478
v  -0.28412104745646 -0.389937323804319 -0.355158659377478
v  -0.324874369781037 -0.212271378466172 -0.395912556814964
v  0.324874392144648 -0.212271378466172 -0.395912556814964
v  0.284121069820072 -0.389937323804319 -0.355158659377478
v  -0.324874369781037 -0.212271378466172 -0.395912556814964
v  -0.373610012806154 0.00450157591266817 0.302571026545968
v  0.373610035169765 0.00450157591266817 0.302571026545968
v  0.414363357494342 0.185767634400172 0.343323691598649
v  -0.41436333513073 0.185767634400172 0.343323691598649
v  -0.373610012806154 0.00450157591266817 0.302571026545968
v  0.414363357494342 0.185767634400172 0.343323691598649
v  -0.330195889528401 -0.188599238176086 0.259157642699099
v  0.330195911892013 -0.188599320335073 0.259157642699099
v  0.368288433263414 -0.019168099607807 0.297249506798604
v  -0.368288410899802 -0.019168099607807 0.297249506798604
v  -0.330195889528401 -0.188599238176086 0.259157642699099
v  0.368288433263414 -0.019168099607807 0.297249506798604
v  0.362037777531999 -0.0191707286953912 -0.433076681633197
v  0.362037777531999 -0.019168099607807 0.290998768908202
v  0.368288433263414 -0.019168099607807 0.297249506798604
v  0.368288433263414 -0.0191707286953912 -0.439327337364612
v  0.362037777531999 -0.0191707286953912 -0.433076681633197
v  0.368288433263414 -0.019168099607807 0.297249506798604
v  -0.362037755168387 -0.0191707286953912 -0.433076681633197
v  0.362037777531999 -0.0191707286953912 -0.433076681633197
v  0.368288433263414 -0.0191707286953912 -0.439327337364612
v  -0.368288410899802 -0.0191707286953912 -0.439327337364612
v  -0.362037755168387 -0.0191707286953912 -0.433076681633197
v  0.368288433263414 -0.0191707286953912 -0.439327337364612
v  -0.362037755168387 -0.019168099607807 0.290998768908202
v  -0.362037755168387 -0.0191707286953912 -0.433076681633197
v  -0.368288410899802 -0.0191707286953912 -0.439327337364612
v  -0.368288410899802 -0.019168099607807 0.297249506798604
v  -0.362037755168387 -0.019168099607807 0.290998768908202
v  -0.368288410899802 -0.0191707286953912 -0.439327337364612
v  0.362037777531999 -0.019168099607807 0.290998768908202
v  -0.362037755168387 -0.019168099607807 0.290998768908202
v  -0.368288410899802 -0.019168099607807 0.297249506798604
v  0.368288433263414 -0.019168099607807 0.297249506798604
v  0.362037777531999 -0.019168099607807 0.290998768908202
v  -0.368288410899802 -0.019168099607807 0.297249506798604
v  -0.319360515845091 -0.212268995855549 0.248322351174776
v  -0.319360515845091 -0.212271296307185 -0.390398785038005
v  -0.324874369781037 -0.212271378466172 -0.395912556814964
v  -0.324874369781037 -0.212268995855549 0.253836122951735
v  -0.319360515845091 -0.212268995855549 0.248322351174776
v  -0.324874369781037 -0.212271378466172 -0.395912556814964
v  0.319360538208703 -0.212268995855549 0.248322351174776
v  -0.319360515845091 -0.212268995855549 0.248322351174776
v  -0.324874369781037 -0.212268995855549 0.253836122951735
v  0.324874392144648 -0.212268995855549 0.253836122951735
v  0.319360538208703 -0.212268995855549 0.248322351174776
v  -0.324874369781037 -0.212268995855549 0.253836122951735
v  -0.324874369781037 -0.212271378466172 -0.395912556814964
v  -0.319360515845091 -0.212271296307185 -0.390398785038005
v  0.324874392144648 -0.212271378466172 -0.395912556814964
v  -0.319360515845091 -0.212271296307185 -0.390398785038005
v  0.319360538208703 -0.212271296307185 -0.390398785038005
v  0.324874392144648 -0.212271378466172 -0.395912556814964
v  0.319360538208703 -0.212271296307185 -0.390398785038005
v  0.319360538208703 -0.212268995855549 0.248322351174776
v  0.324874392144648 -0.212268995855549 0.253836122951735
v  0.324874392144648 -0.212271378466172 -0.395912556814964
v  0.319360538208703 -0.212271296307185 -0.390398785038005
v  0.324874392144648 -0.212268995855549 0.253836122951735
v  -0.324591742865736 -0.188599320335073 0.253553496036434
v  0.324591765229348 -0.188599320335073 0.253553496036434
v  0.330195911892013 -0.188599320335073 0.259157642699099
v  -0.330195889528401 -0.188599238176086 0.259157642699099
v  -0.324591742865736 -0.188599320335073 0.253553496036434
v  0.330195911892013 -0.188599320335073 0.259157642699099
v  0.330195911892013 -0.188599320335073 0.259157642699099
v  0.324591765229348 -0.188599320335073 0.253553496036434
v  0.330195911892013 -0.188601702945697 -0.401234240880302
v  0.324591765229348 -0.188599320335073 0.253553496036434
v  0.324591765229348 -0.188601702945697 -0.395630094217637
v  0.330195911892013 -0.188601702945697 -0.401234240880302
v  -0.324591742865736 -0.188601702945697 -0.395630094217637
v  -0.324591742865736 -0.188599320335073 0.253553496036434
v  -0.330195889528401 -0.188599238176086 0.259157642699099
v  -0.330195889528401 -0.188601702945697 -0.401234240880302
v  -0.324591742865736 -0.188601702945697 -0.395630094217637
v  -0.330195889528401 -0.188599238176086 0.259157642699099
v  0.324591765229348 -0.188601702945697 -0.395630094217637
v  -0.324591742865736 -0.188601702945697 -0.395630094217637
v  -0.330195889528401 -0.188601702945697 -0.401234240880302
v  0.330195911892013 -0.188601702945697 -0.401234240880302
v  0.324591765229348 -0.188601702945697 -0.395630094217637
v  -0.330195889528401 -0.188601702945697 -0.401234240880302
v  -0.367268982189032 0.00449894682508395 -0.438308072971816
v  -0.367268982189032 0.00450157591266817 0.296230078087834
v  -0.373610012806154 0.00450157591266817 0.302571026545968
v  -0.373610012806154 0.00449886466609694 -0.444649021429951
v  -0.367268982189032 0.00449894682508395 -0.438308072971816
v  -0.373610012806154 0.00450157591266817 0.302571026545968
v  0.367269004552644 0.00449894682508395 -0.438308072971816
v  -0.367268982189032 0.00449894682508395 -0.438308072971816
v  -0.373610012806154 0.00449886466609694 -0.444649021429951
v  0.373610035169765 0.00449886466609694 -0.444649021429951
v  0.367269004552644 0.00449894682508395 -0.438308072971816
v  -0.373610012806154 0.00449886466609694 -0.444649021429951
v  0.367269004552644 0.00450157591266817 0.296230078087834
v  0.367269004552644 0.00449894682508395 -0.438308072971816
v  0.373610035169765 0.00449886466609694 -0.444649021429951
v  0.373610035169765 0.00450157591266817 0.302571026545968
v  0.367269004552644 0.00450157591266817 0.296230078087834
v  0.373610035169765 0.00449886466609694 -0.444649021429951
v  -0.367268982189032 0.00450157591266817 0.296230078087834
v  0.367269004552644 0.00450157591266817 0.296230078087834
v  0.373610035169765 0.00450157591266817 0.302571026545968
v  -0.373610012806154 0.00450157591266817 0.302571026545968
v  -0.367268982189032 0.00450157591266817 0.296230078087834
v  0.373610035169765 0.00450157591266817 0.302571026545968
v  -0.28412104745646 -0.389935267364874 0.213083457899054
v  0.284121069820072 -0.389935267364874 0.213083457899054
v  0.324874392144648 -0.212268995855549 0.253836122951735
v  -0.324874369781037 -0.212268995855549 0.253836122951735
v  -0.28412104745646 -0.389935267364874 0.213083457899054
v  0.324874392144648 -0.212268995855549 0.253836122951735
v  0.324591765229348 -0.188599320335073 0.253553496036434
v  -0.324591742865736 -0.188599320335073 0.253553496036434
v  -0.319360515845091 -0.212268995855549 0.248322351174776
v  0.319360538208703 -0.212268995855549 0.248322351174776
v  0.324591765229348 -0.188599320335073 0.253553496036434
v  -0.319360515845091 -0.212268995855549 0.248322351174776
v  0.367269004552644 0.00449894682508395 -0.438308072971816
v  0.367269004552644 0.00450157591266817 0.296230078087834
v  0.362037777531999 -0.019168099607807 0.290998768908202
v  0.362037777531999 -0.0191707286953912 -0.433076681633197
v  0.367269004552644 0.00449894682508395 -0.438308072971816
v  0.362037777531999 -0.019168099607807 0.290998768908202
v  0.324591765229348 -0.188601702945697 -0.395630094217637
v  0.324591765229348 -0.188599320335073 0.253553496036434
v  0.319360538208703 -0.212268995855549 0.248322351174776
v  0.319360538208703 -0.212271296307185 -0.390398785038005
v  0.324591765229348 -0.188601702945697 -0.395630094217637
v  0.319360538208703 -0.212268995855549 0.248322351174776
v  -0.367268982189032 0.00449894682508395 -0.438308072971816
v  0.367269004552644 0.00449894682508395 -0.438308072971816
v  0.362037777531999 -0.0191707286953912 -0.433076681633197
v  -0.362037755168387 -0.0191707286953912 -0.433076681633197
v  -0.367268982189032 0.00449894682508395 -0.438308072971816
v  0.362037777531999 -0.0191707286953912 -0.433076681633197
v  -0.324591742865736 -0.188601702945697 -0.395630094217637
v  0.324591765229348 -0.188601702945697 -0.395630094217637
v  0.319360538208703 -0.212271296307185 -0.390398785038005
v  -0.319360515845091 -0.212271296307185 -0.390398785038005
v  -0.324591742865736 -0.188601702945697 -0.395630094217637
v  0.319360538208703 -0.212271296307185 -0.390398785038005
v  -0.367268982189032 0.00450157591266817 0.296230078087834
v  -0.367268982189032 0.00449894682508395 -0.438308072971816
v  -0.362037755168387 -0.0191707286953912 -0.433076681633197
v  -0.362037755168387 -0.019168099607807 0.290998768908202
v  -0.367268982189032 0.00450157591266817 0.296230078087834
v  -0.362037755168387 -0.0191707286953912 -0.433076681633197
v  -0.324591742865736 -0.188599320335073 0.253553496036434
v  -0.324591742865736 -0.188601702945697 -0.395630094217637
v  -0.319360515845091 -0.212271296307185 -0.390398785038005
v  -0.319360515845091 -0.212268995855549 0.248322351174776
v  -0.324591742865736 -0.188599320335073 0.253553496036434
v  -0.319360515845091 -0.212271296307185 -0.390398785038005
v  0.499999970102312 0.163311118481827 0.437523488945292
v  0.499999970102312 0.163307503486399 -0.558744603387936
v  -5.86465574070249e-09 0.602826863553336 -0.558746246567676
v  -5.86465574070249e-09 0.602830971502686 0.437521845765552
v  0.499999970102312 0.163311118481827 0.437523488945292
v  -5.86465574070249e-09 0.602826863553336 -0.558746246567676
v  -0.500000029897688 0.163311118481827 0.437523488945292
v  -0.500000029897688 0.163307503486399 -0.558744603387936
v  0.499999970102312 0.163307503486399 -0.558744603387936
v  0.499999970102312 0.163311118481827 0.437523488945292
v  -0.500000029897688 0.163311118481827 0.437523488945292
v  0.499999970102312 0.163307503486399 -0.558744603387936
v  -0.400883263655698 0.196906749858443 -0.54661719747497
v  0.400883121701336 0.196906749858443 -0.54661719747497
v  0.410886553482223 0.196906667699456 -0.55874476770591
v  -0.410886613277598 0.196906667699456 -0.55874476770591
v  -0.400883263655698 0.196906749858443 -0.54661719747497
v  0.410886553482223 0.196906667699456 -0.55874476770591
v  -5.86465574070249e-09 0.602830971502686 0.437521845765552
v  -5.86465574070249e-09 0.602826863553336 -0.558746246567676
v  -0.500000029897688 0.163307503486399 -0.558744603387936
v  -0.500000029897688 0.163311118481827 0.437523488945292
v  -5.86465574070249e-09 0.602830971502686 0.437521845765552
v  -0.500000029897688 0.163307503486399 -0.558744603387936
v  0.400883121701336 0.196910282694884 0.425395754396378
v  -0.400883263655698 0.196910200535897 0.425395754396378
v  -0.410886613277598 0.196910282694884 0.437523324627318
v  0.410886553482223 0.196910364853871 0.437523324627318
v  0.400883121701336 0.196910282694884 0.425395754396378
v  -0.410886613277598 0.196910282694884 0.437523324627318
v  -7.63972530266281e-09 0.558095403077929 0.437522010083526
v  0.410886553482223 0.196910364853871 0.437523324627318
v  0.499999970102312 0.163311118481827 0.437523488945292
v  -5.86465574070249e-09 0.602830971502686 0.437521845765552
v  -7.63972530266281e-09 0.558095403077929 0.437522010083526
v  0.499999970102312 0.163311118481827 0.437523488945292
v  -0.410886613277598 0.196910282694884 0.437523324627318
v  -7.63972530266281e-09 0.558095403077929 0.437522010083526
v  -5.86465574070249e-09 0.602830971502686 0.437521845765552
v  -0.500000029897688 0.163311118481827 0.437523488945292
v  -0.410886613277598 0.196910282694884 0.437523324627318
v  -5.86465574070249e-09 0.602830971502686 0.437521845765552
v  0.410886553482223 0.196910364853871 0.437523324627318
v  -0.410886613277598 0.196910282694884 0.437523324627318
v  -0.500000029897688 0.163311118481827 0.437523488945292
v  0.499999970102312 0.163311118481827 0.437523488945292
v  0.410886553482223 0.196910364853871 0.437523324627318
v  -0.500000029897688 0.163311118481827 0.437523488945292
v  0.410886553482223 0.196906667699456 -0.55874476770591
v  -7.63972530266281e-09 0.558092116718449 -0.558746000090715
v  -5.86465574070249e-09 0.602826863553336 -0.558746246567676
v  0.499999970102312 0.163307503486399 -0.558744603387936
v  0.410886553482223 0.196906667699456 -0.55874476770591
v  -5.86465574070249e-09 0.602826863553336 -0.558746246567676
v  -0.410886613277598 0.196906667699456 -0.55874476770591
v  0.410886553482223 0.196906667699456 -0.55874476770591
v  0.499999970102312 0.163307503486399 -0.558744603387936
v  -0.500000029897688 0.163307503486399 -0.558744603387936
v  -0.410886613277598 0.196906667699456 -0.55874476770591
v  0.499999970102312 0.163307503486399 -0.558744603387936
v  -7.63972530266281e-09 0.558092116718449 -0.558746000090715
v  -0.410886613277598 0.196906667699456 -0.55874476770591
v  -0.500000029897688 0.163307503486399 -0.558744603387936
v  -5.86465574070249e-09 0.602826863553336 -0.558746246567676
v  -7.63972530266281e-09 0.558092116718449 -0.558746000090715
v  -0.500000029897688 0.163307503486399 -0.558744603387936
v  -8.22292265602607e-09 0.558095403077929 0.425394439852586
v  -0.400883263655698 0.196910200535897 0.425395754396378
v  0.400883121701336 0.196910282694884 0.425395754396378
v  0.400883121701336 0.196906749858443 -0.54661719747497
v  -0.400883263655698 0.196906749858443 -0.54661719747497
v  -8.22292265602607e-09 0.558092116718449 -0.546618512018762
v  0.400883121701336 0.196906749858443 -0.54661719747497
v  -8.22292265602607e-09 0.558092116718449 -0.546618512018762
v  -7.63972530266281e-09 0.558092116718449 -0.558746000090715
v  0.410886553482223 0.196906667699456 -0.55874476770591
v  0.400883121701336 0.196906749858443 -0.54661719747497
v  -7.63972530266281e-09 0.558092116718449 -0.558746000090715
v  -0.400883263655698 0.196910200535897 0.425395754396378
v  -8.22292265602607e-09 0.558095403077929 0.425394439852586
v  -7.63972530266281e-09 0.558095403077929 0.437522010083526
v  -0.410886613277598 0.196910282694884 0.437523324627318
v  -0.400883263655698 0.196910200535897 0.425395754396378
v  -7.63972530266281e-09 0.558095403077929 0.437522010083526
v  -8.22292265602607e-09 0.558095403077929 0.425394439852586
v  0.400883121701336 0.196910282694884 0.425395754396378
v  0.410886553482223 0.196910364853871 0.437523324627318
v  -7.63972530266281e-09 0.558095403077929 0.437522010083526
v  -8.22292265602607e-09 0.558095403077929 0.425394439852586
v  0.410886553482223 0.196910364853871 0.437523324627318
v  -8.22292265602607e-09 0.558092116718449 -0.546618512018762
v  -0.400883263655698 0.196906749858443 -0.54661719747497
v  -0.410886613277598 0.196906667699456 -0.55874476770591
v  -7.63972530266281e-09 0.558092116718449 -0.558746000090715
v  -8.22292265602607e-09 0.558092116718449 -0.546618512018762
v  -0.410886613277598 0.196906667699456 -0.55874476770591
v  -0.155455801537769 -0.389935524522503 0.141747602887319
v  -0.155455801537769 -0.389935144947983 0.246715814342861
v  -0.155455801537769 0.0684984972511071 0.346589264855176
v  -0.155455801537769 0.0626947864090045 0.24162113555862
v  -0.155455801537769 -0.389935524522503 0.141747602887319
v  -0.155455801537769 0.0684984972511071 0.346589264855176
v  0.155455823901381 -0.389935144947983 0.246715814342861
v  0.155455823901381 -0.389935524522503 0.141747602887319
v  0.155455823901381 0.0626947864090045 0.24162113555862
v  0.155455823901381 0.0684984972511071 0.346589264855176
v  0.155455823901381 -0.389935144947983 0.246715814342861
v  0.155455823901381 0.0626947864090045 0.24162113555862
v  0.134669928824816 0.0570001827016461 0.324910712384791
v  0.134669928824816 -0.357816303287823 0.233942145838106
v  0.134669928824816 -0.366621438027329 0.251168338484663
v  0.134669928824816 0.048195039746241 0.342136740713374
v  0.134669928824816 0.0570001827016461 0.324910712384791
v  0.134669928824816 -0.366621438027329 0.251168338484663
v  -0.155455801537769 0.0626947864090045 0.24162113555862
v  -0.155455801537769 0.0684984972511071 0.346589264855176
v  0.155455823901381 0.0684984972511071 0.346589264855176
v  0.155455823901381 0.0626947864090045 0.24162113555862
v  -0.155455801537769 0.0626947864090045 0.24162113555862
v  0.155455823901381 0.0684984972511071 0.346589264855176
v  -0.155455801537769 0.0684984972511071 0.346589264855176
v  -0.155455801537769 -0.389935144947983 0.246715814342861
v  -0.134669906461204 -0.366621438027329 0.251168338484663
v  -0.134669906461204 0.048195039746241 0.342136740713374
v  -0.155455801537769 0.0684984972511071 0.346589264855176
v  -0.134669906461204 -0.366621438027329 0.251168338484663
v  0.155455823901381 0.0684984972511071 0.346589264855176
v  -0.155455801537769 0.0684984972511071 0.346589264855176
v  -0.134669906461204 0.048195039746241 0.342136740713374
v  0.134669928824816 0.048195039746241 0.342136740713374
v  0.155455823901381 0.0684984972511071 0.346589264855176
v  -0.134669906461204 0.048195039746241 0.342136740713374
v  0.155455823901381 -0.389935144947983 0.246715814342861
v  0.155455823901381 0.0684984972511071 0.346589264855176
v  0.134669928824816 0.048195039746241 0.342136740713374
v  0.134669928824816 -0.366621438027329 0.251168338484663
v  0.155455823901381 -0.389935144947983 0.246715814342861
v  0.134669928824816 0.048195039746241 0.342136740713374
v  -0.155455801537769 -0.389935144947983 0.246715814342861
v  0.155455823901381 -0.389935144947983 0.246715814342861
v  0.134669928824816 -0.366621438027329 0.251168338484663
v  -0.134669906461204 -0.366621438027329 0.251168338484663
v  -0.155455801537769 -0.389935144947983 0.246715814342861
v  0.134669928824816 -0.366621438027329 0.251168338484663
v  -0.134669906461204 -0.357816303287823 0.233942145838106
v  0.134669928824816 -0.357816303287823 0.233942145838106
v  0.134669928824816 0.0570001827016461 0.324910712384791
v  -0.134669906461204 0.0570001827016461 0.324910712384791
v  -0.134669906461204 -0.357816303287823 0.233942145838106
v  0.134669928824816 0.0570001827016461 0.324910712384791
v  0.134669928824816 -0.357816303287823 0.233942145838106
v  -0.134669906461204 -0.357816303287823 0.233942145838106
v  -0.134669906461204 -0.366621438027329 0.251168338484663
v  0.134669928824816 -0.366621438027329 0.251168338484663
v  0.134669928824816 -0.357816303287823 0.233942145838106
v  -0.134669906461204 -0.366621438027329 0.251168338484663
v  -0.134669906461204 0.0570001827016461 0.324910712384791
v  0.134669928824816 0.0570001827016461 0.324910712384791
v  0.134669928824816 0.048195039746241 0.342136740713374
v  -0.134669906461204 0.048195039746241 0.342136740713374
v  -0.134669906461204 0.0570001827016461 0.324910712384791
v  0.134669928824816 0.048195039746241 0.342136740713374
v  -0.134669906461204 -0.357816303287823 0.233942145838106
v  -0.134669906461204 0.0570001827016461 0.324910712384791
v  -0.134669906461204 0.048195039746241 0.342136740713374
v  -0.134669906461204 -0.366621438027329 0.251168338484663
v  -0.134669906461204 -0.357816303287823 0.233942145838106
v  -0.134669906461204 0.048195039746241 0.342136740713374


vn  -0.97564599684936 -0.219351062981638 8.02046881031971e-07
vn  -0.97564599684936 -0.219351062981638 8.02046881031971e-07
vn  -0.97564599684936 -0.219351062981638 8.02046881031971e-07
vn  -0.97564599684936 -0.219351062981638 8.02046881031971e-07
vn  -0.97564599684936 -0.219351062981638 8.02046881031971e-07
vn  -0.97564599684936 -0.219351062981638 8.02046881031971e-07
vn  0.97564599684936 -0.219351062981638 8.02046881031971e-07
vn  0.97564599684936 -0.219351062981638 8.02046881031971e-07
vn  0.97564599684936 -0.219351062981638 8.02046881031971e-07
vn  0.97564599684936 -0.219351062981638 8.02046881031971e-07
vn  0.97564599684936 -0.219351062981638 8.02046881031971e-07
vn  0.97564599684936 -0.219351062981638 8.02046881031971e-07
vn  0 -0.21580313936449 0.976436892502752
vn  0 -0.21580313936449 0.976436892502752
vn  0 -0.21580313936449 0.976436892502752
vn  0 -0.21580313936449 0.976436892502752
vn  0 -0.21580313936449 0.976436892502752
vn  0 -0.21580313936449 0.976436892502752
vn  -0.975646070984205 -0.21935073323894 7.89688412577194e-07
vn  -0.975646070984205 -0.21935073323894 7.89688412577194e-07
vn  -0.975646070984205 -0.21935073323894 7.89688412577194e-07
vn  -0.975646070984205 -0.21935073323894 7.89688412577194e-07
vn  -0.975646070984205 -0.21935073323894 7.89688412577194e-07
vn  -0.975646070984205 -0.21935073323894 7.89688412577194e-07
vn  0 -0.219354545744447 -0.975645213825829
vn  0 -0.219354545744447 -0.975645213825829
vn  0 -0.219354545744447 -0.975645213825829
vn  0 -0.219354545744447 -0.975645213825829
vn  0 -0.219354545744447 -0.975645213825829
vn  0 -0.219354545744447 -0.975645213825829
vn  -0.974686682054847 -0.223575203956633 8.14186015558396e-07
vn  -0.974686682054847 -0.223575203956633 8.14186015558396e-07
vn  -0.974686682054847 -0.223575203956633 8.14186015558396e-07
vn  -0.974686682054847 -0.223575203956633 8.14186015558396e-07
vn  -0.974686682054847 -0.223575203956633 8.14186015558396e-07
vn  -0.974686682054847 -0.223575203956633 8.14186015558396e-07
vn  0.975646070984211 -0.219350733238941 7.81197033165724e-07
vn  0.975646070984211 -0.219350733238941 7.81197033165724e-07
vn  0.975646070984211 -0.219350733238941 7.81197033165724e-07
vn  0.975646070984211 -0.219350733238941 7.81197033165724e-07
vn  0.975646070984211 -0.219350733238941 7.81197033165724e-07
vn  0.975646070984211 -0.219350733238941 7.81197033165724e-07
vn  0.974686682054851 -0.223575203956634 8.09546890524874e-07
vn  0.974686682054851 -0.223575203956634 8.09546890524874e-07
vn  0.974686682054851 -0.223575203956634 8.09546890524874e-07
vn  0.974686682054851 -0.223575203956634 8.09546890524874e-07
vn  0.974686682054851 -0.223575203956634 8.09546890524874e-07
vn  0.974686682054851 -0.223575203956634 8.09546890524874e-07
vn  0 -0.219354216002248 -0.975645287961787
vn  0 -0.219354216002248 -0.975645287961787
vn  0 -0.219354216002248 -0.975645287961787
vn  0 -0.219354216002248 -0.975645287961787
vn  0 -0.219354216002248 -0.975645287961787
vn  0 -0.219354216002248 -0.975645287961787
vn  0 -0.223578519074678 -0.974685921622126
vn  0 -0.223578519074678 -0.974685921622126
vn  0 -0.223578519074678 -0.974685921622126
vn  0 -0.223578519074678 -0.974685921622126
vn  0 -0.223578519074678 -0.974685921622126
vn  0 -0.223578519074678 -0.974685921622126
vn  0 -0.219347287540403 0.975646845661209
vn  0 -0.219347287540403 0.975646845661209
vn  0 -0.219347287540403 0.975646845661209
vn  0 -0.219347287540403 0.975646845661209
vn  0 -0.219347287540403 0.975646845661209
vn  0 -0.219347287540403 0.975646845661209
vn  0 -0.219347085601937 0.975646891061483
vn  0 -0.219347085601937 0.975646891061483
vn  0 -0.219347085601937 0.975646891061483
vn  0 -0.219347085601937 0.975646891061483
vn  0 -0.219347085601937 0.975646891061483
vn  0 -0.219347085601937 0.975646891061483
vn  0 0.999999999993484 -3.60999032993733e-06
vn  0 0.999999999993484 -3.60999032993733e-06
vn  0 0.999999999993484 -3.60999032993733e-06
vn  0 0.999999999993484 -3.60999032993733e-06
vn  0 0.999999999993484 -3.60999032993733e-06
vn  0 0.999999999993484 -3.60999032993733e-06
vn  0 1 0
vn  0 0.999999999993484 -3.60999032993733e-06
vn  0 0.999999999993484 -3.60999032993733e-06
vn  0 1 0
vn  0 1 0
vn  0 0.999999999993484 -3.60999032993733e-06
vn  0 0.999999999993279 -3.66639629352539e-06
vn  0 1 0
vn  0 1 0
vn  0 0.999999999993279 -3.66639629352539e-06
vn  0 0.999999999993279 -3.66639629352539e-06
vn  0 1 0
vn  0 0.999999999993484 -3.60999032993733e-06
vn  0 0.999999999993279 -3.66639629352539e-06
vn  0 0.999999999993279 -3.66639629352539e-06
vn  0 0.999999999993484 -3.60999032993733e-06
vn  0 0.999999999993484 -3.60999032993733e-06
vn  0 0.999999999993279 -3.66639629352539e-06
vn  0 0.999999999993366 -3.642554615432e-06
vn  0 0.999999999993366 -3.642554615432e-06
vn  0 0.999999999993366 -3.642554615432e-06
vn  0 0.999999999993366 -3.642554615432e-06
vn  0 0.999999999993366 -3.642554615432e-06
vn  0 0.999999999993366 -3.642554615432e-06
vn  0 0.999999999989238 -4.63930996480157e-06
vn  0 0.999999999993366 -3.642554615432e-06
vn  0 0.999999999993366 -3.642554615432e-06
vn  0 0.999999999989238 -4.63930996480157e-06
vn  0 0.999999999989238 -4.63930996480157e-06
vn  0 0.999999999993366 -3.642554615432e-06
vn  0 0.999999999993366 -3.642554615432e-06
vn  0 0.999999999993366 -3.642554615432e-06
vn  0 0.999999999975786 -6.95896408108338e-06
vn  0 0.999999999993366 -3.642554615432e-06
vn  0 0.999999999975786 -6.95896408108338e-06
vn  0 0.999999999975786 -6.95896408108338e-06
vn  0 0.999999999975786 -6.95896408108338e-06
vn  0 0.999999999989238 -4.63930996480157e-06
vn  0 0.999999999989238 -4.63930996480157e-06
vn  0 0.999999999975786 -6.95896408108338e-06
vn  0 0.999999999975786 -6.95896408108338e-06
vn  0 0.999999999989238 -4.63930996480157e-06
vn  0 -0.999999999989916 4.49097194540966e-06
vn  0 -0.999999999989916 4.49097194540966e-06
vn  0 -0.999999999989916 4.49097194540966e-06
vn  0 -0.999999999989916 4.49097194540966e-06
vn  0 -0.999999999989916 4.49097194540966e-06
vn  0 -0.999999999989916 4.49097194540966e-06
vn  0 -0.999999999989916 4.49097194540966e-06
vn  0 -0.999999999989916 4.49097194540966e-06
vn  1.39813004339643e-06 -0.999999999992493 3.61384414277491e-06
vn  0 -0.999999999989916 4.49097194540966e-06
vn  1.39813004339643e-06 -0.999999999992493 3.61384414277491e-06
vn  1.39813004339643e-06 -0.999999999992493 3.61384414277491e-06
vn  -1.39813021660114e-06 -0.999999999992237 3.68401644544653e-06
vn  0 -0.999999999989916 4.49097194540966e-06
vn  0 -0.999999999989916 4.49097194540966e-06
vn  -1.39813021660114e-06 -0.999999999992237 3.68401644544653e-06
vn  -1.39813021660114e-06 -0.999999999992237 3.68401644544653e-06
vn  0 -0.999999999989916 4.49097194540966e-06
vn  1.39813004339643e-06 -0.999999999992493 3.61384414277491e-06
vn  -1.39813021660114e-06 -0.999999999992237 3.68401644544653e-06
vn  -1.39813021660114e-06 -0.999999999992237 3.68401644544653e-06
vn  1.39813004339643e-06 -0.999999999992493 3.61384414277491e-06
vn  1.39813004339643e-06 -0.999999999992493 3.61384414277491e-06
vn  -1.39813021660114e-06 -0.999999999992237 3.68401644544653e-06
vn  0 -0.999999999993653 3.56272093387142e-06
vn  0 -0.999999999993653 3.56272093387142e-06
vn  0 -0.999999999993653 3.56272093387142e-06
vn  0 -0.999999999993653 3.56272093387142e-06
vn  0 -0.999999999993653 3.56272093387142e-06
vn  0 -0.999999999993653 3.56272093387142e-06
vn  0 -1 0
vn  0 -0.999999999993653 3.56272093387142e-06
vn  0 -0.999999999993653 3.56272093387142e-06
vn  0 -1 0
vn  0 -1 0
vn  0 -0.999999999993653 3.56272093387142e-06
vn  0 -0.999999999993653 3.56272093387142e-06
vn  0 -1 0
vn  0 -1 0
vn  0 -0.999999999993653 3.56272093387142e-06
vn  0 -0.999999999993653 3.56272093387142e-06
vn  0 -1 0
vn  0 -0.999999999993653 3.56272093387142e-06
vn  0 -0.999999999993653 3.56272093387142e-06
vn  0 -0.999999999993653 3.56272093387142e-06
vn  0 -0.999999999993653 3.56272093387142e-06
vn  0 -0.999999999993653 3.56272093387142e-06
vn  0 -0.999999999993653 3.56272093387142e-06
vn  0 -0.223571559741793 0.974687517963897
vn  0 -0.223571559741793 0.974687517963897
vn  0 -0.223571559741793 0.974687517963897
vn  0 -0.223571559741793 0.974687517963897
vn  0 -0.223571559741793 0.974687517963897
vn  0 -0.223571559741793 0.974687517963897
vn  0 -0.215798993545096 0.976437808764554
vn  0 -0.215798993545096 0.976437808764554
vn  0 -0.215798993545096 0.976437808764554
vn  0 -0.215798993545096 0.976437808764554
vn  0 -0.215798993545096 0.976437808764554
vn  0 -0.215798993545096 0.976437808764554
vn  0.976436738446055 -0.215803836416832 7.79229065979524e-07
vn  0.976436738446055 -0.215803836416832 7.79229065979524e-07
vn  0.976436738446055 -0.215803836416832 7.79229065979524e-07
vn  0.976436738446055 -0.215803836416832 7.79229065979524e-07
vn  0.976436738446055 -0.215803836416832 7.79229065979524e-07
vn  0.976436738446055 -0.215803836416832 7.79229065979524e-07
vn  0.976436511393742 -0.215804863746421 7.79417816539865e-07
vn  0.976436511393742 -0.215804863746421 7.79417816539865e-07
vn  0.976436511393742 -0.215804863746421 7.79417816539865e-07
vn  0.976436511393742 -0.215804863746421 7.79417816539865e-07
vn  0.976436511393742 -0.215804863746421 7.79417816539865e-07
vn  0.976436511393742 -0.215804863746421 7.79417816539865e-07
vn  0 -0.215807817092975 -0.976435858662291
vn  0 -0.215807817092975 -0.976435858662291
vn  0 -0.215807817092975 -0.976435858662291
vn  0 -0.215807817092975 -0.976435858662291
vn  0 -0.215807817092975 -0.976435858662291
vn  0 -0.215807817092975 -0.976435858662291
vn  0 -0.215807120041128 -0.976436012721548
vn  0 -0.215807120041128 -0.976436012721548
vn  0 -0.215807120041128 -0.976436012721548
vn  0 -0.215807120041128 -0.976436012721548
vn  0 -0.215807120041128 -0.976436012721548
vn  0 -0.215807120041128 -0.976436012721548
vn  -0.97643666545086 -0.215804166694192 7.93795034670694e-07
vn  -0.97643666545086 -0.215804166694192 7.93795034670694e-07
vn  -0.97643666545086 -0.215804166694192 7.93795034670694e-07
vn  -0.97643666545086 -0.215804166694192 7.93795034670694e-07
vn  -0.97643666545086 -0.215804166694192 7.93795034670694e-07
vn  -0.97643666545086 -0.215804166694192 7.93795034670694e-07
vn  -0.976436511393736 -0.215804863746419 7.87665495822236e-07
vn  -0.976436511393736 -0.215804863746419 7.87665495822236e-07
vn  -0.976436511393736 -0.215804863746419 7.87665495822236e-07
vn  -0.976436511393736 -0.215804863746419 7.87665495822236e-07
vn  -0.976436511393736 -0.215804863746419 7.87665495822236e-07
vn  -0.976436511393736 -0.215804863746419 7.87665495822236e-07
vn  0.660221086147271 0.751071313124824 -2.7332404166249e-06
vn  0.660221086147271 0.751071313124824 -2.7332404166249e-06
vn  0.660221086147271 0.751071313124824 -2.7332404166249e-06
vn  0.660221086147271 0.751071313124824 -2.7332404166249e-06
vn  0.660221086147271 0.751071313124824 -2.7332404166249e-06
vn  0.660221086147271 0.751071313124824 -2.7332404166249e-06
vn  0 -0.999999999993379 3.63912169091466e-06
vn  0 -0.999999999993379 3.63912169091466e-06
vn  0 -0.999999999993379 3.63912169091466e-06
vn  0 -0.999999999993379 3.63912169091466e-06
vn  0 -0.999999999993379 3.63912169091466e-06
vn  0 -0.999999999993379 3.63912169091466e-06
vn  0 0.999999999949561 -1.00437845095214e-05
vn  0 0.999999999949561 -1.00437845095214e-05
vn  0 0.999999999949561 -1.00437845095214e-05
vn  0 0.999999999949561 -1.00437845095214e-05
vn  0 0.999999999949561 -1.00437845095214e-05
vn  0 0.999999999949561 -1.00437845095214e-05
vn  -0.66022100025953 0.751071388623502 -2.7332400610594e-06
vn  -0.66022100025953 0.751071388623502 -2.7332400610594e-06
vn  -0.66022100025953 0.751071388623502 -2.7332400610594e-06
vn  -0.66022100025953 0.751071388623502 -2.7332400610594e-06
vn  -0.66022100025953 0.751071388623502 -2.7332400610594e-06
vn  -0.66022100025953 0.751071388623502 -2.7332400610594e-06
vn  0 0.999999999949562 -1.00437342800506e-05
vn  0 0.999999999949562 -1.00437342800506e-05
vn  0 0.999999999949562 -1.00437342800506e-05
vn  0 0.999999999949562 -1.00437342800506e-05
vn  0 0.999999999949562 -1.00437342800506e-05
vn  0 0.999999999949562 -1.00437342800506e-05
vn  -8.08851922303364e-07 3.22140475200193e-06 0.999999999994484
vn  -8.08851922303364e-07 3.22140475200193e-06 0.999999999994484
vn  -8.08851922303364e-07 3.22140475200193e-06 0.999999999994484
vn  -8.08851922303364e-07 3.22140475200193e-06 0.999999999994484
vn  -8.08851922303364e-07 3.22140475200193e-06 0.999999999994484
vn  -8.08851922303364e-07 3.22140475200193e-06 0.999999999994484
vn  8.08850709867864e-07 3.22139609174836e-06 0.999999999994484
vn  -8.08851922303364e-07 3.22140475200193e-06 0.999999999994484
vn  -8.08851922303364e-07 3.22140475200193e-06 0.999999999994484
vn  8.08850709867864e-07 3.22139609174836e-06 0.999999999994484
vn  8.08850709867864e-07 3.22139609174836e-06 0.999999999994484
vn  -8.08851922303364e-07 3.22140475200193e-06 0.999999999994484
vn  -8.08851922303364e-07 3.22140475200193e-06 0.999999999994484
vn  8.08850709867864e-07 3.22139609174836e-06 0.999999999994484
vn  8.08850709867864e-07 3.22139609174836e-06 0.999999999994484
vn  -8.08851922303364e-07 3.22140475200193e-06 0.999999999994484
vn  -8.08851922303364e-07 3.22140475200193e-06 0.999999999994484
vn  8.08850709867864e-07 3.22139609174836e-06 0.999999999994484
vn  0 -3.53743126138017e-06 -0.999999999993743
vn  0 -3.53743126138017e-06 -0.999999999993743
vn  0 -3.53743126138017e-06 -0.999999999993743
vn  0 -3.53743126138017e-06 -0.999999999993743
vn  0 -3.53743126138017e-06 -0.999999999993743
vn  0 -3.53743126138017e-06 -0.999999999993743
vn  0 -3.7311853825745e-06 -0.999999999993039
vn  0 -3.53743126138017e-06 -0.999999999993743
vn  0 -3.53743126138017e-06 -0.999999999993743
vn  0 -3.7311853825745e-06 -0.999999999993039
vn  0 -3.7311853825745e-06 -0.999999999993039
vn  0 -3.53743126138017e-06 -0.999999999993743
vn  0 -3.53743126138017e-06 -0.999999999993743
vn  0 -3.7311853825745e-06 -0.999999999993039
vn  0 -3.7311853825745e-06 -0.999999999993039
vn  0 -3.53743126138017e-06 -0.999999999993743
vn  0 -3.53743126138017e-06 -0.999999999993743
vn  0 -3.7311853825745e-06 -0.999999999993039
vn  0 3.64446853147219e-06 0.999999999993359
vn  0 3.64446853147219e-06 0.999999999993359
vn  0 3.64446853147219e-06 0.999999999993359
vn  0 -3.6444702635229e-06 -0.999999999993359
vn  0 -3.6444702635229e-06 -0.999999999993359
vn  0 -3.6444702635229e-06 -0.999999999993359
vn  -0.641112905714191 -0.720458328277887 -0.264412630828671
vn  -0.641112905714191 -0.720458328277887 -0.264412630828671
vn  -0.641112905714191 -0.720458328277887 -0.264412630828671
vn  -0.641112905714191 -0.720458328277887 -0.264412630828671
vn  -0.641112905714191 -0.720458328277887 -0.264412630828671
vn  -0.641112905714191 -0.720458328277887 -0.264412630828671
vn  0.64111497542246 -0.720456932801253 0.264411414783231
vn  0.64111497542246 -0.720456932801253 0.264411414783231
vn  0.64111497542246 -0.720456932801253 0.264411414783231
vn  0.64111497542246 -0.720456932801253 0.264411414783231
vn  0.64111497542246 -0.720456932801253 0.264411414783231
vn  0.64111497542246 -0.720456932801253 0.264411414783231
vn  -0.641114101968177 -0.720456058427599 0.264415915051471
vn  -0.641114101968177 -0.720456058427599 0.264415915051471
vn  -0.641114101968177 -0.720456058427599 0.264415915051471
vn  -0.641114101968177 -0.720456058427599 0.264415915051471
vn  -0.641114101968177 -0.720456058427599 0.264415915051471
vn  -0.641114101968177 -0.720456058427599 0.264415915051471
vn  0.641113699155617 -0.720459285941249 -0.264408097561375
vn  0.641113699155617 -0.720459285941249 -0.264408097561375
vn  0.641113699155617 -0.720459285941249 -0.264408097561375
vn  0.641113699155617 -0.720459285941249 -0.264408097561375
vn  0.641113699155617 -0.720459285941249 -0.264408097561375
vn  0.641113699155617 -0.720459285941249 -0.264408097561375
vn  -1 0 0
vn  -1 0 0
vn  -1 0 0
vn  -1 0 0
vn  -1 0 0
vn  -1 0 0
vn  1 0 0
vn  1 0 0
vn  1 0 0
vn  1 0 0
vn  1 0 0
vn  1 0 0
vn  -1 0 0
vn  -1 0 0
vn  -1 0 0
vn  -1 0 0
vn  -1 0 0
vn  -1 0 0
vn  0 0.998474952422742 -0.0552066063474512
vn  0 0.998474952422742 -0.0552066063474512
vn  0 0.998474952422742 -0.0552066063474512
vn  0 0.998474952422742 -0.0552066063474512
vn  0 0.998474952422742 -0.0552066063474512
vn  0 0.998474952422742 -0.0552066063474512
vn  0.0154616474690433 -0.213477324432245 0.976825659680781
vn  0.0154616474690433 -0.213477324432245 0.976825659680781
vn  0.0154616474690433 -0.213477324432245 0.976825659680781
vn  0.0154616474690433 -0.213477324432245 0.976825659680781
vn  0.0154616474690433 -0.213477324432245 0.976825659680781
vn  0.0154616474690433 -0.213477324432245 0.976825659680781
vn  -0.0154616578588629 -0.213477324397943 0.976825659523822
vn  0.0154616474690433 -0.213477324432245 0.976825659680781
vn  0.0154616474690433 -0.213477324432245 0.976825659680781
vn  -0.0154616578588629 -0.213477324397943 0.976825659523822
vn  -0.0154616578588629 -0.213477324397943 0.976825659523822
vn  0.0154616474690433 -0.213477324432245 0.976825659680781
vn  -0.0154616578588629 -0.213477324397943 0.976825659523822
vn  -0.0154616578588629 -0.213477324397943 0.976825659523822
vn  -0.0154616578588629 -0.213477324397943 0.976825659523822
vn  -0.0154616578588629 -0.213477324397943 0.976825659523822
vn  -0.0154616578588629 -0.213477324397943 0.976825659523822
vn  -0.0154616578588629 -0.213477324397943 0.976825659523822
vn  0.0154616474690433 -0.213477324432245 0.976825659680781
vn  -0.0154616578588629 -0.213477324397943 0.976825659523822
vn  -0.0154616578588629 -0.213477324397943 0.976825659523822
vn  0.0154616474690433 -0.213477324432245 0.976825659680781
vn  0.0154616474690433 -0.213477324432245 0.976825659680781
vn  -0.0154616578588629 -0.213477324397943 0.976825659523822
vn  0 -0.214207943103265 0.976788081986809
vn  0 -0.214207943103265 0.976788081986809
vn  0 -0.214207943103265 0.976788081986809
vn  0 -0.214207943103265 0.976788081986809
vn  0 -0.214207943103265 0.976788081986809
vn  0 -0.214207943103265 0.976788081986809
vn  0 0.890420679492907 0.455138455342317
vn  0 0.890420679492907 0.455138455342317
vn  0 0.890420679492907 0.455138455342317
vn  0 0.890420679492907 0.455138455342317
vn  0 0.890420679492907 0.455138455342317
vn  0 0.890420679492907 0.455138455342317
vn  0 -0.890420679492907 -0.455138455342317
vn  0 -0.890420679492907 -0.455138455342317
vn  0 -0.890420679492907 -0.455138455342317
vn  0 -0.890420679492907 -0.455138455342317
vn  0 -0.890420679492907 -0.455138455342317
vn  0 -0.890420679492907 -0.455138455342317
vn  1 0 0
vn  1 0 0
vn  1 0 0
vn  1 0 0
vn  1 0 0
vn  1 0 0


vt  0.375025 0.624975
vt  0.375025 0.624975
vt  0.375025 0.624975
vt  0.375025 0.624975
vt  0.375025 0.624975
vt  0.375025 0.624975
vt  0.375025 0.624975
vt  0.375025 0.624975
vt  0.375025 0.624975
vt  0.375025 0.624975
vt  0.375025 0.624975
vt  0.375025 0.624975
vt  0.375025 0.624975
vt  0.375025 0.624975
vt  0.375025 0.624975
vt  0.375025 0.624975
vt  0.375025 0.624975
vt  0.375025 0.624975
vt  0.375025 0.624975
vt  0.375025 0.624975
vt  0.375025 0.624975
vt  0.375025 0.624975
vt  0.375025 0.624975
vt  0.375025 0.624975
vt  0.375025 0.624975
vt  0.375025 0.624975
vt  0.375025 0.624975
vt  0.375025 0.624975
vt  0.375025 0.624975
vt  0.375025 0.624975
vt  0.375025 0.624975
vt  0.375025 0.624975
vt  0.375025 0.624975
vt  0.375025 0.624975
vt  0.375025 0.624975
vt  0.375025 0.624975
vt  0.375025 0.624975
vt  0.375025 0.624975
vt  0.375025 0.624975
vt  0.375025 0.624975
vt  0.375025 0.624975
vt  0.375025 0.624975
vt  0.375025 0.624975
vt  0.375025 0.624975
vt  0.375025 0.624975
vt  0.375025 0.624975
vt  0.375025 0.624975
vt  0.375025 0.624975
vt  0.375025 0.624975
vt  0.375025 0.624975
vt  0.375025 0.624975
vt  0.375025 0.624975
vt  0.375025 0.624975
vt  0.375025 0.624975
vt  0.375025 0.624975
vt  0.375025 0.624975
vt  0.375025 0.624975
vt  0.375025 0.624975
vt  0.375025 0.624975
vt  0.375025 0.624975
vt  0.375025 0.624975
vt  0.375025 0.624975
vt  0.375025 0.624975
vt  0.375025 0.624975
vt  0.375025 0.624975
vt  0.375025 0.624975
vt  0.375025 0.624975
vt  0.375025 0.624975
vt  0.375025 0.624975
vt  0.375025 0.624975
vt  0.375025 0.624975
vt  0.375025 0.624975
vt  0.375025 0.624975
vt  0.375025 0.624975
vt  0.375025 0.624975
vt  0.375025 0.624975
vt  0.375025 0.624975
vt  0.375025 0.624975
vt  0.375025 0.624975
vt  0.375025 0.624975
vt  0.375025 0.624975
vt  0.375025 0.624975
vt  0.375025 0.624975
vt  0.375025 0.624975
vt  0.375025 0.624975
vt  0.375025 0.624975
vt  0.375025 0.624975
vt  0.375025 0.624975
vt  0.375025 0.624975
vt  0.375025 0.624975
vt  0.375025 0.624975
vt  0.375025 0.624975
vt  0.375025 0.624975
vt  0.375025 0.624975
vt  0.375025 0.624975
vt  0.375025 0.624975
vt  0.375025 0.624975
vt  0.375025 0.624975
vt  0.375025 0.624975
vt  0.375025 0.624975
vt  0.375025 0.624975
vt  0.375025 0.624975
vt  0.375025 0.624975
vt  0.375025 0.624975
vt  0.375025 0.624975
vt  0.375025 0.624975
vt  0.375025 0.624975
vt  0.375025 0.624975
vt  0.375025 0.624975
vt  0.375025 0.624975
vt  0.375025 0.624975
vt  0.375025 0.624975
vt  0.375025 0.624975
vt  0.375025 0.624975
vt  0.375025 0.624975
vt  0.375025 0.624975
vt  0.375025 0.624975
vt  0.375025 0.624975
vt  0.375025 0.624975
vt  0.375025 0.624975
vt  0.375025 0.624975
vt  0.375025 0.624975
vt  0.375025 0.624975
vt  0.375025 0.624975
vt  0.375025 0.624975
vt  0.375025 0.624975
vt  0.375025 0.624975
vt  0.375025 0.624975
vt  0.375025 0.624975
vt  0.375025 0.624975
vt  0.375025 0.624975
vt  0.375025 0.624975
vt  0.375025 0.624975
vt  0.375025 0.624975
vt  0.375025 0.624975
vt  0.375025 0.624975
vt  0.375025 0.624975
vt  0.375025 0.624975
vt  0.375025 0.624975
vt  0.375025 0.624975
vt  0.375025 0.624975
vt  0.375025 0.624975
vt  0.375025 0.624975
vt  0.375025 0.624975
vt  0.375025 0.624975
vt  0.375025 0.624975
vt  0.375025 0.624975
vt  0.375025 0.624975
vt  0.375025 0.624975
vt  0.375025 0.624975
vt  0.375025 0.624975
vt  0.375025 0.624975
vt  0.375025 0.624975
vt  0.375025 0.624975
vt  0.375025 0.624975
vt  0.375025 0.624975
vt  0.375025 0.624975
vt  0.375025 0.624975
vt  0.375025 0.624975
vt  0.375025 0.624975
vt  0.375025 0.624975
vt  0.375025 0.624975
vt  0.375025 0.624975
vt  0.375025 0.624975
vt  0.375025 0.624975
vt  0.375025 0.624975
vt  0.375025 0.624975
vt  0.375025 0.624975
vt  0.375025 0.624975
vt  0.375025 0.624975
vt  0.375025 0.624975
vt  0.375025 0.624975
vt  0.375025 0.624975
vt  0.375025 0.624975
vt  0.375025 0.624975
vt  0.375025 0.624975
vt  0.375025 0.624975
vt  0.375025 0.624975
vt  0.375025 0.624975
vt  0.375025 0.624975
vt  0.375025 0.624975
vt  0.375025 0.624975
vt  0.375025 0.624975
vt  0.375025 0.624975
vt  0.375025 0.624975
vt  0.375025 0.624975
vt  0.375025 0.624975
vt  0.375025 0.624975
vt  0.375025 0.624975
vt  0.375025 0.624975
vt  0.375025 0.624975
vt  0.375025 0.624975
vt  0.375025 0.624975
vt  0.375025 0.624975
vt  0.375025 0.624975
vt  0.375025 0.624975
vt  0.375025 0.624975
vt  0.375025 0.624975
vt  0.375025 0.624975
vt  0.375025 0.624975
vt  0.375025 0.624975
vt  0.375025 0.624975
vt  0.375025 0.624975
vt  0.375025 0.624975
vt  0.375025 0.624975
vt  0.375025 0.624975
vt  0.375025 0.624975
vt  0.375025 0.624975
vt  0.375025 0.624975
vt  0.375025 0.624975
vt  0.375025 0.624975
vt  0.375025 0.624975
vt  0.375025 0.624975
vt  0.375025 0.624975
vt  0.375025 0.624975
vt  0.375025 0.624975
vt  0.874925 0.624975
vt  0.874925 0.624975
vt  0.874925 0.624975
vt  0.874925 0.624975
vt  0.874925 0.624975
vt  0.874925 0.624975
vt  0.874925 0.125075
vt  0.874925 0.125075
vt  0.874925 0.125075
vt  0.874925 0.125075
vt  0.874925 0.125075
vt  0.874925 0.125075
vt  0.874925 0.125075
vt  0.874925 0.125075
vt  0.874925 0.125075
vt  0.874925 0.125075
vt  0.874925 0.125075
vt  0.874925 0.125075
vt  0.874925 0.624975
vt  0.874925 0.624975
vt  0.874925 0.624975
vt  0.874925 0.624975
vt  0.874925 0.624975
vt  0.874925 0.624975
vt  0.874925 0.125075
vt  0.874925 0.125075
vt  0.874925 0.125075
vt  0.874925 0.125075
vt  0.874925 0.125075
vt  0.874925 0.125075
vt  0.874925 0.125075
vt  0.874925 0.125075
vt  0.874925 0.125075
vt  0.874925 0.125075
vt  0.874925 0.125075
vt  0.874925 0.125075
vt  0.874925 0.125075
vt  0.874925 0.125075
vt  0.874925 0.125075
vt  0.874925 0.125075
vt  0.874925 0.125075
vt  0.874925 0.125075
vt  0.874925 0.125075
vt  0.874925 0.125075
vt  0.874925 0.125075
vt  0.874925 0.125075
vt  0.874925 0.125075
vt  0.874925 0.125075
vt  0.874925 0.125075
vt  0.874925 0.125075
vt  0.874925 0.125075
vt  0.874925 0.125075
vt  0.874925 0.125075
vt  0.874925 0.125075
vt  0.874925 0.125075
vt  0.874925 0.125075
vt  0.874925 0.125075
vt  0.874925 0.125075
vt  0.874925 0.125075
vt  0.874925 0.125075
vt  0.874925 0.125075
vt  0.874925 0.125075
vt  0.874925 0.125075
vt  0.874925 0.125075
vt  0.874925 0.125075
vt  0.874925 0.125075
vt  0.375025 0.624975
vt  0.375025 0.624975
vt  0.375025 0.624975
vt  0.375025 0.624975
vt  0.375025 0.624975
vt  0.375025 0.624975
vt  0.874925 0.125075
vt  0.874925 0.125075
vt  0.874925 0.125075
vt  0.874925 0.125075
vt  0.874925 0.125075
vt  0.874925 0.125075
vt  0.874925 0.125075
vt  0.874925 0.125075
vt  0.874925 0.125075
vt  0.874925 0.125075
vt  0.874925 0.125075
vt  0.874925 0.125075
vt  0.874925 0.125075
vt  0.874925 0.125075
vt  0.874925 0.125075
vt  0.874925 0.125075
vt  0.874925 0.125075
vt  0.874925 0.125075
vt  0.874925 0.125075
vt  0.874925 0.125075
vt  0.874925 0.125075
vt  0.874925 0.125075
vt  0.874925 0.125075
vt  0.874925 0.125075
vt  0.874925 0.125075
vt  0.874925 0.125075
vt  0.874925 0.125075
vt  0.874925 0.125075
vt  0.874925 0.125075
vt  0.874925 0.125075
vt  0.874925 0.125075
vt  0.874925 0.125075
vt  0.874925 0.125075
vt  0.874925 0.125075
vt  0.874925 0.125075
vt  0.874925 0.125075
vt  0.874925 0.125075
vt  0.874925 0.125075
vt  0.874925 0.125075
vt  0.874925 0.125075
vt  0.874925 0.125075
vt  0.874925 0.125075
vt  0.874925 0.125075
vt  0.874925 0.125075
vt  0.874925 0.125075
vt  0.874925 0.125075
vt  0.874925 0.125075
vt  0.874925 0.125075
vt  0.874925 0.125075
vt  0.874925 0.125075
vt  0.874925 0.125075
vt  0.874925 0.125075
vt  0.874925 0.125075
vt  0.874925 0.125075
vt  0.874925 0.125075
vt  0.874925 0.125075
vt  0.874925 0.125075
vt  0.874925 0.125075
vt  0.874925 0.125075
vt  0.874925 0.125075
vt  0.874925 0.125075
vt  0.874925 0.125075
vt  0.874925 0.125075
vt  0.874925 0.125075
vt  0.874925 0.125075
vt  0.874925 0.125075
vt  0.874925 0.125075
vt  0.874925 0.125075
vt  0.874925 0.125075
vt  0.874925 0.125075
vt  0.874925 0.125075
vt  0.874925 0.125075
vt  0.624975 0.624975
vt  0.624975 0.624975
vt  0.624975 0.624975
vt  0.624975 0.624975
vt  0.624975 0.624975
vt  0.624975 0.624975
vt  0.874925 0.125075
vt  0.874925 0.125075
vt  0.874925 0.125075
vt  0.874925 0.125075
vt  0.874925 0.125075
vt  0.874925 0.125075
vt  0.874925 0.125075
vt  0.874925 0.125075
vt  0.874925 0.125075
vt  0.874925 0.125075
vt  0.874925 0.125075
vt  0.874925 0.125075
vt  0.874925 0.125075
vt  0.874925 0.125075
vt  0.874925 0.125075
vt  0.874925 0.125075
vt  0.874925 0.125075
vt  0.874925 0.125075
